12
37
67
46
22
83
98
93
18
16
10
29
92
92
73
52
89
65
67
48
64
29
9
17
87
30
29
26
87
63
30
57
63
16
21
54
55
54
35
11
58
8
22
70
43
30
39
19
93
49
66
34
32
92
79
35
78
90
21
39
78
44
61
87
30
6
81
96
41
94
69
0
86
57
96
85
77
76
21
45
42
99
42
77
80
98
89
60
1
38
67
66
93
15
62
18
88
76
52
33
52
99
84
74
30
87
13
18
49
27
85
31
17
9
29
56
4
78
63
2
49
41
49
45
5
98
97
90
5
39
20
27
32
91
64
15
88
76
69
37
17
45
89
30
45
85
30
9
70
74
9
4
59
80
45
60
53
71
65
81
86
54
79
95
68
56
19
84
17
34
38
7
51
29
52
15
98
2
35
56
85
91
22
86
61
55
84
39
36
53
3
31
85
44
23
93
84
60
4
90
